osu file format v14

[General]
AudioFilename: audio.mp3
AudioLeadIn: 0
PreviewTime: 89220
Countdown: 1
SampleSet: Normal
StackLeniency: 0.7
Mode: 3
LetterboxInBreaks: 0
SpecialStyle: 0
WidescreenStoryboard: 1

[Editor]
DistanceSpacing: 1
BeatDivisor: 4
GridSize: 4
TimelineZoom: 1.4

[Metadata]
Title:Evanescent
TitleUnicode:Evanescent
Artist:LeaF
ArtistUnicode:LeaF
Creator:Kuiiiiteeee
Version:eSaneVcent
Source:
Tags:
BeatmapID:0
BeatmapSetID:-1

[Difficulty]
HPDrainRate:8
CircleSize:4
OverallDifficulty:8
ApproachRate:5
SliderMultiplier:1.4
SliderTickRate:1

[Events]
//Background and Video events
//Break Periods
//Storyboard Layer 0 (Background)
//Storyboard Layer 1 (Fail)
//Storyboard Layer 2 (Pass)
//Storyboard Layer 3 (Foreground)
//Storyboard Sound Samples

[TimingPoints]
3799,315.789473684211,4,1,0,100,1,0
8930,-111.111111111111,4,1,0,100,0,0
9009,-125,4,1,0,100,0,0
9088,-142.857142857143,4,1,0,100,0,0
9167,-166.666666666667,4,1,0,100,0,0
9325,-100,4,1,0,100,0,0
9404,-111.111111111111,4,1,0,100,0,0
9483,-125,4,1,0,100,0,0
9562,-142.857142857143,4,1,0,100,0,0
9799,-1000,4,1,0,100,0,0
10114,-100,4,1,0,100,0,0
10193,-111.111111111111,4,1,0,100,0,0
10272,-125,4,1,0,100,0,0
10351,-142.857142857143,4,1,0,100,0,0
10430,-166.666666666667,4,1,0,100,0,0
10588,-100,4,1,0,100,0,0
10667,-111.111111111111,4,1,0,100,0,0
10746,-66.6666666666667,4,1,0,100,0,0
10825,-200,4,1,0,100,0,0
11377,-100,4,1,0,100,0,0
11456,-111.111111111111,4,1,0,100,0,0
11535,-125,4,1,0,100,0,0
11614,-142.857142857143,4,1,0,100,0,0
11851,-100,4,1,0,100,0,0
11930,-111.111111111111,4,1,0,100,0,0
12009,-125,4,1,0,100,0,0
12088,-142.857142857143,4,1,0,100,0,0
12641,-100,4,1,0,100,0,0
12720,-111.111111111111,4,1,0,100,0,0
12799,-125,4,1,0,100,0,0
12877,-142.857142857143,4,1,0,100,0,0
13114,-100,4,1,0,100,0,0
13193,-111.111111111111,4,1,0,100,0,0
13272,-125,4,1,0,100,0,0
13351,-142.857142857143,4,1,0,100,0,0
13430,-1000,4,1,0,100,0,0
13904,-100,4,1,0,100,0,0
13983,-111.111111111111,4,1,0,100,0,0
14062,-125,4,1,0,100,0,0
14141,-142.857142857143,4,1,0,100,0,0
14377,-100,4,1,0,100,0,0
14456,-111.111111111111,4,1,0,100,0,0
14535,-125,4,1,0,100,0,0
14614,-142.857142857143,4,1,0,100,0,0
15167,-100,4,1,0,100,0,0
15246,-111.111111111111,4,1,0,100,0,0
15325,-125,4,1,0,100,0,0
15404,-142.857142857143,4,1,0,100,0,0
15799,-66.6666666666667,4,1,0,100,0,0
15877,-200,4,1,0,100,0,0
16114,-66.6666666666667,4,1,0,100,0,0
16193,-200,4,1,0,100,0,0
16430,-100,4,1,0,100,0,0
16509,-111.111111111111,4,1,0,100,0,0
16588,-125,4,1,0,100,0,0
16667,-142.857142857143,4,1,0,100,0,0
16904,-100,4,1,0,100,0,0
16983,-111.111111111111,4,1,0,100,0,0
17062,-125,4,1,0,100,0,0
17141,-142.857142857143,4,1,0,100,0,0
17220,-66.6666666666667,4,1,0,100,0,0
17299,-200,4,1,0,100,0,0


[HitObjects]
320,192,3799,128,0,4115:0:0:0:0:
64,192,3799,128,0,4036:0:0:0:0:
192,192,3957,128,0,4194:0:0:0:0:
64,192,4115,128,0,4351:0:0:0:0:
448,192,4115,128,0,4430:0:0:0:0:
192,192,4272,128,0,4430:0:0:0:0:
320,192,4430,128,0,4667:0:0:0:0:
64,192,4430,128,0,4746:0:0:0:0:
448,192,4588,128,0,4825:0:0:0:0:
192,192,4746,128,0,5062:0:0:0:0:
320,192,4746,128,0,4983:0:0:0:0:
448,192,4904,128,0,5378:0:0:0:0:
64,192,5062,128,0,5299:0:0:0:0:
320,192,5062,128,0,5220:0:0:0:0:
192,192,5220,128,0,5457:0:0:0:0:
64,192,5378,128,0,5536:0:0:0:0:
320,192,5378,128,0,5615:0:0:0:0:
448,192,5536,128,0,5694:0:0:0:0:
192,192,5536,128,0,5851:0:0:0:0:
64,192,5694,128,0,6009:0:0:0:0:
320,192,5694,128,0,5930:0:0:0:0:
448,192,5851,128,0,6088:0:0:0:0:
320,192,6009,128,0,6246:0:0:0:0:
192,192,6167,128,0,6404:0:0:0:0:
448,192,6167,128,0,6483:0:0:0:0:
64,192,6325,128,0,6562:0:0:0:0:
320,192,6325,128,0,6957:0:0:0:0:
192,192,6483,128,0,6799:0:0:0:0:
64,192,6641,128,0,6957:0:0:0:0:
448,192,6799,128,0,6957:0:0:0:0:
192,192,6957,128,0,7588:0:0:0:0:
64,192,7115,128,0,7351:0:0:0:0:
320,192,7115,128,0,7272:0:0:0:0:
448,192,7272,128,0,7509:0:0:0:0:
320,192,7430,128,0,7746:0:0:0:0:
64,192,7588,128,0,7825:0:0:0:0:
192,192,7746,128,0,7983:0:0:0:0:
64,192,7904,128,0,8141:0:0:0:0:
192,192,8062,128,0,8220:0:0:0:0:
64,192,8220,128,0,8378:0:0:0:0:
320,192,8220,1,0,0:0:0:0:
448,192,8299,1,0,0:0:0:0:
192,192,8378,128,0,8536:0:0:0:0:
320,192,8378,1,0,0:0:0:0:
448,192,8457,1,0,0:0:0:0:
64,192,8536,128,0,8694:0:0:0:0:
320,192,8536,1,0,0:0:0:0:
448,192,8615,1,0,0:0:0:0:
320,192,8694,1,0,0:0:0:0:
448,192,8772,1,0,0:0:0:0:
64,192,8851,1,0,0:0:0:0:
320,192,8851,1,0,0:0:0:0:
192,192,8930,1,0,0:0:0:0:
320,192,9009,1,0,0:0:0:0:
448,192,9088,1,0,0:0:0:0:
192,192,9167,1,0,0:0:0:0:
64,192,9167,1,0,0:0:0:0:
64,192,9325,1,0,0:0:0:0:
448,192,9325,1,0,0:0:0:0:
192,192,9404,1,0,0:0:0:0:
320,192,9483,1,0,0:0:0:0:
64,192,9641,1,0,0:0:0:0:
192,192,9641,1,0,0:0:0:0:
448,192,9641,1,0,0:0:0:0:
320,192,10115,1,0,0:0:0:0:
448,192,10115,1,0,0:0:0:0:
192,192,10193,1,0,0:0:0:0:
64,192,10272,1,0,0:0:0:0:
192,192,10351,1,0,0:0:0:0:
64,192,10430,1,0,0:0:0:0:
448,192,10430,1,0,0:0:0:0:
192,192,10588,1,0,0:0:0:0:
64,192,10588,1,0,0:0:0:0:
320,192,10667,1,0,0:0:0:0:
64,192,10746,1,0,0:0:0:0:
448,192,10746,1,0,0:0:0:0:
320,192,11062,1,0,0:0:0:0:
448,192,11062,1,0,0:0:0:0:
320,192,11377,1,0,0:0:0:0:
448,192,11378,1,0,0:0:0:0:
192,192,11456,1,0,0:0:0:0:
64,192,11535,1,0,0:0:0:0:
192,192,11614,1,0,0:0:0:0:
320,192,11693,1,0,0:0:0:0:
448,192,11694,1,0,0:0:0:0:
64,192,11851,1,0,0:0:0:0:
192,192,11851,1,0,0:0:0:0:
320,192,11930,1,0,0:0:0:0:
448,192,12009,1,0,0:0:0:0:
64,192,12167,1,0,0:0:0:0:
192,192,12167,1,0,0:0:0:0:
448,192,12483,1,0,0:0:0:0:
320,192,12483,1,0,0:0:0:0:
64,192,12641,1,0,0:0:0:0:
192,192,12641,1,0,0:0:0:0:
320,192,12720,1,0,0:0:0:0:
448,192,12799,1,0,0:0:0:0:
320,192,12877,1,0,0:0:0:0:
192,192,12957,1,0,0:0:0:0:
448,192,12957,1,0,0:0:0:0:
192,192,13114,1,0,0:0:0:0:
64,192,13115,1,0,0:0:0:0:
320,192,13194,1,0,0:0:0:0:
448,192,13272,1,0,0:0:0:0:
320,192,13351,1,0,0:0:0:0:
192,192,13430,1,0,0:0:0:0:
64,192,13430,1,0,0:0:0:0:
64,192,13904,1,0,0:0:0:0:
320,192,13904,1,0,0:0:0:0:
448,192,13904,1,0,0:0:0:0:
192,192,13983,1,0,0:0:0:0:
320,192,14062,1,0,0:0:0:0:
448,192,14141,1,0,0:0:0:0:
64,192,14220,1,0,0:0:0:0:
320,192,14220,1,0,0:0:0:0:
64,192,14378,1,0,0:0:0:0:
192,192,14378,1,0,0:0:0:0:
448,192,14378,1,0,0:0:0:0:
320,192,14457,1,0,0:0:0:0:
448,192,14536,1,0,0:0:0:0:
64,192,14694,1,0,0:0:0:0:
192,192,14694,1,0,0:0:0:0:
320,192,14694,1,0,0:0:0:0:
320,192,14851,1,0,0:0:0:0:
448,192,14851,1,0,0:0:0:0:
320,192,15009,1,0,0:0:0:0:
448,192,15009,1,0,0:0:0:0:
320,192,15088,1,0,0:0:0:0:
448,192,15088,1,0,0:0:0:0:
64,192,15167,1,0,0:0:0:0:
192,192,15167,1,0,0:0:0:0:
320,192,15246,1,0,0:0:0:0:
64,192,15325,1,0,0:0:0:0:
192,192,15404,1,0,0:0:0:0:
320,192,15483,1,0,0:0:0:0:
448,192,15483,1,0,0:0:0:0:
448,192,15641,1,0,0:0:0:0:
320,192,15641,1,0,0:0:0:0:
64,192,15799,1,0,0:0:0:0:
448,192,15799,1,0,0:0:0:0:
320,192,15799,1,0,0:0:0:0:
64,192,16115,1,0,0:0:0:0:
192,192,16115,1,0,0:0:0:0:
448,192,16115,1,0,0:0:0:0:
64,192,16430,1,0,0:0:0:0:
320,192,16430,1,0,0:0:0:0:
448,192,16430,1,0,0:0:0:0:
192,192,16509,1,0,0:0:0:0:
320,192,16588,1,0,0:0:0:0:
448,192,16667,1,0,0:0:0:0:
192,192,16746,1,0,0:0:0:0:
320,192,16746,1,0,0:0:0:0:
64,192,16746,1,0,0:0:0:0:
64,192,16904,1,0,0:0:0:0:
320,192,16904,1,0,0:0:0:0:
448,192,16904,1,0,0:0:0:0:
192,192,16983,1,0,0:0:0:0:
320,192,17062,1,0,0:0:0:0:
64,192,17220,1,0,0:0:0:0:
192,192,17220,1,0,0:0:0:0:
448,192,17220,1,0,0:0:0:0:
192,192,17536,1,0,0:0:0:0:
64,192,17536,1,0,0:0:0:0:
64,192,17615,1,0,0:0:0:0:
192,192,17615,1,0,0:0:0:0:
320,192,17694,1,0,0:0:0:0:
448,192,17694,1,0,0:0:0:0:
192,192,17772,1,0,0:0:0:0:
64,192,17851,1,0,0:0:0:0:
448,192,17851,1,0,0:0:0:0:
192,192,17930,1,0,0:0:0:0:
64,192,18009,1,0,0:0:0:0:
448,192,18009,1,0,0:0:0:0:
64,192,18167,1,0,0:0:0:0:
448,192,18167,1,0,0:0:0:0:
320,192,18167,1,0,0:0:0:0:
192,192,18246,1,0,0:0:0:0:
320,192,18325,1,0,0:0:0:0:
192,192,18404,1,0,0:0:0:0:
64,192,18483,1,0,0:0:0:0:
448,192,18483,1,0,0:0:0:0:
64,192,18641,1,0,0:0:0:0:
192,192,18641,1,0,0:0:0:0:
448,192,18641,1,0,0:0:0:0:
64,192,18957,1,0,0:0:0:0:
448,192,18957,1,0,0:0:0:0:
320,192,18957,1,0,0:0:0:0:
192,192,19036,1,0,0:0:0:0:
320,192,19115,1,0,0:0:0:0:
448,192,19194,1,0,0:0:0:0:
192,192,19272,1,0,0:0:0:0:
320,192,19272,1,0,0:0:0:0:
64,192,19272,1,0,0:0:0:0:
64,192,19430,1,0,0:0:0:0:
320,192,19430,1,0,0:0:0:0:
448,192,19430,1,0,0:0:0:0:
192,192,19509,1,0,0:0:0:0:
320,192,19588,1,0,0:0:0:0:
448,192,19746,1,0,0:0:0:0:
320,192,19746,1,0,0:0:0:0:
192,192,19746,1,0,0:0:0:0:
64,192,19746,1,0,0:0:0:0:
448,192,19904,128,0,20378:0:0:0:0:
192,192,20220,1,0,0:0:0:0:
320,192,20220,1,0,0:0:0:0:
64,192,20299,1,0,0:0:0:0:
192,192,20378,1,0,0:0:0:0:
320,192,20457,1,0,0:0:0:0:
64,192,20536,1,0,0:0:0:0:
192,192,20536,1,0,0:0:0:0:
448,192,20536,1,0,0:0:0:0:
448,192,20694,1,0,0:0:0:0:
320,192,20694,1,0,0:0:0:0:
64,192,20694,1,0,0:0:0:0:
192,192,20772,1,0,0:0:0:0:
64,192,20851,1,0,0:0:0:0:
320,192,20851,1,0,0:0:0:0:
448,192,20851,1,0,0:0:0:0:
192,192,21009,1,0,0:0:0:0:
64,192,21167,1,0,0:0:0:0:
320,192,21167,1,0,0:0:0:0:
448,192,21167,1,0,0:0:0:0:
64,192,21483,1,0,0:0:0:0:
192,192,21483,1,0,0:0:0:0:
448,192,21483,1,0,0:0:0:0:
320,192,21562,1,0,0:0:0:0:
192,192,21641,1,0,0:0:0:0:
64,192,21720,1,0,0:0:0:0:
192,192,21799,1,0,0:0:0:0:
320,192,21799,1,0,0:0:0:0:
448,192,21799,1,0,0:0:0:0:
64,192,21957,1,0,0:0:0:0:
192,192,21957,1,0,0:0:0:0:
448,192,21957,1,0,0:0:0:0:
320,192,22036,1,0,0:0:0:0:
192,192,22115,1,0,0:0:0:0:
448,192,22272,1,0,0:0:0:0:
64,192,22272,1,0,0:0:0:0:
320,192,22272,1,0,0:0:0:0:
64,192,22588,1,0,0:0:0:0:
192,192,22588,1,0,0:0:0:0:
320,192,22588,1,0,0:0:0:0:
64,192,22746,1,0,0:0:0:0:
192,192,22746,1,0,0:0:0:0:
320,192,22746,1,0,0:0:0:0:
448,192,22825,1,0,0:0:0:0:
320,192,22904,1,0,0:0:0:0:
192,192,22983,1,0,0:0:0:0:
448,192,23062,1,0,0:0:0:0:
320,192,23062,1,0,0:0:0:0:
64,192,23062,1,0,0:0:0:0:
64,192,23220,1,0,0:0:0:0:
192,192,23220,1,0,0:0:0:0:
320,192,23220,1,0,0:0:0:0:
448,192,23299,1,0,0:0:0:0:
320,192,23378,1,0,0:0:0:0:
64,192,23536,1,0,0:0:0:0:
192,192,23536,1,0,0:0:0:0:
448,192,23536,1,0,0:0:0:0:
320,192,23694,1,0,0:0:0:0:
192,192,23851,1,0,0:0:0:0:
64,192,24009,1,0,0:0:0:0:
448,192,24009,1,0,0:0:0:0:
320,192,24009,1,0,0:0:0:0:
192,192,24088,1,0,0:0:0:0:
320,192,24167,1,0,0:0:0:0:
448,192,24246,1,0,0:0:0:0:
64,192,24325,1,0,0:0:0:0:
192,192,24325,1,0,0:0:0:0:
320,192,24325,1,0,0:0:0:0:
64,192,24483,1,0,0:0:0:0:
320,192,24483,1,0,0:0:0:0:
448,192,24483,1,0,0:0:0:0:
192,192,24562,1,0,0:0:0:0:
320,192,24641,1,0,0:0:0:0:
64,192,24799,1,0,0:0:0:0:
192,192,24799,1,0,0:0:0:0:
448,192,24799,1,0,0:0:0:0:
64,192,24957,1,0,0:0:0:0:
192,192,24957,1,0,0:0:0:0:
64,192,25115,1,0,0:0:0:0:
192,192,25115,1,0,0:0:0:0:
64,192,25194,1,0,0:0:0:0:
192,192,25194,1,0,0:0:0:0:
448,192,25272,1,0,0:0:0:0:
320,192,25272,1,0,0:0:0:0:
192,192,25351,1,0,0:0:0:0:
64,192,25430,1,0,0:0:0:0:
192,192,25509,1,0,0:0:0:0:
448,192,25509,1,0,0:0:0:0:
64,192,25588,1,0,0:0:0:0:
320,192,25588,1,0,0:0:0:0:
64,192,25746,1,0,0:0:0:0:
192,192,25746,1,0,0:0:0:0:
448,192,25746,1,0,0:0:0:0:
320,192,25825,1,0,0:0:0:0:
64,192,25904,1,0,0:0:0:0:
192,192,25904,1,0,0:0:0:0:
448,192,25904,1,0,0:0:0:0:
320,192,26062,1,0,0:0:0:0:
64,192,26220,1,0,0:0:0:0:
192,192,26220,1,0,0:0:0:0:
448,192,26220,1,0,0:0:0:0:
192,192,26536,1,0,0:0:0:0:
320,192,26536,1,0,0:0:0:0:
64,192,26615,1,0,0:0:0:0:
192,192,26694,1,0,0:0:0:0:
320,192,26772,1,0,0:0:0:0:
448,192,26851,1,0,0:0:0:0:
64,192,26851,1,0,0:0:0:0:
192,192,26851,1,0,0:0:0:0:
192,192,27009,1,0,0:0:0:0:
320,192,27009,1,0,0:0:0:0:
64,192,27088,1,0,0:0:0:0:
192,192,27167,1,0,0:0:0:0:
64,192,27325,1,0,0:0:0:0:
320,192,27325,1,0,0:0:0:0:
448,192,27325,1,0,0:0:0:0:
192,192,27483,1,0,0:0:0:0:
320,192,27641,1,0,0:0:0:0:
448,192,27641,1,0,0:0:0:0:
320,192,27720,1,0,0:0:0:0:
448,192,27720,1,0,0:0:0:0:
64,192,27799,1,0,0:0:0:0:
192,192,27799,1,0,0:0:0:0:
320,192,27878,1,0,0:0:0:0:
448,192,27878,1,0,0:0:0:0:
64,192,27957,1,0,0:0:0:0:
192,192,27957,1,0,0:0:0:0:
320,192,28036,1,0,0:0:0:0:
448,192,28036,1,0,0:0:0:0:
64,192,28115,1,0,0:0:0:0:
192,192,28115,1,0,0:0:0:0:
448,192,28272,1,0,0:0:0:0:
64,192,28272,1,0,0:0:0:0:
320,192,28272,1,0,0:0:0:0:
192,192,28430,1,0,0:0:0:0:
64,192,28588,1,0,0:0:0:0:
320,192,28588,1,0,0:0:0:0:
448,192,28588,1,0,0:0:0:0:
64,192,28746,1,0,0:0:0:0:
192,192,28746,1,0,0:0:0:0:
320,192,28746,1,0,0:0:0:0:
448,192,28746,1,0,0:0:0:0:
64,192,29062,1,0,0:0:0:0:
192,192,29062,1,0,0:0:0:0:
320,192,29062,1,0,0:0:0:0:
448,192,29062,1,0,0:0:0:0:
320,192,30325,1,0,0:0:0:0:
448,192,30404,1,0,0:0:0:0:
320,192,30483,1,0,0:0:0:0:
448,192,30562,1,0,0:0:0:0:
320,192,30641,1,0,0:0:0:0:
448,192,30720,1,0,0:0:0:0:
320,192,30799,1,0,0:0:0:0:
448,192,30878,1,0,0:0:0:0:
320,192,30957,1,0,0:0:0:0:
448,192,31036,1,0,0:0:0:0:
320,192,31115,1,0,0:0:0:0:
448,192,31194,1,0,0:0:0:0:
320,192,31272,128,0,31588:0:0:0:0:
448,192,31588,128,0,33167:0:0:0:0:
64,192,32851,1,0,0:0:0:0:
192,192,32930,1,0,0:0:0:0:
64,192,33009,1,0,0:0:0:0:
192,192,33088,1,0,0:0:0:0:
64,192,33167,1,0,0:0:0:0:
320,192,33483,128,0,33799:0:0:0:0:
64,192,34115,128,0,36325:0:0:0:0:
448,192,35378,1,0,0:0:0:0:
320,192,35457,1,0,0:0:0:0:
448,192,35536,1,0,0:0:0:0:
320,192,35615,1,0,0:0:0:0:
448,192,35694,1,0,0:0:0:0:
320,192,35772,1,0,0:0:0:0:
448,192,35851,1,0,0:0:0:0:
320,192,35930,1,0,0:0:0:0:
448,192,36009,1,0,0:0:0:0:
320,192,36088,1,0,0:0:0:0:
448,192,36167,1,0,0:0:0:0:
320,192,36246,1,0,0:0:0:0:
448,192,36325,1,0,0:0:0:0:
448,192,36641,128,0,37194:0:0:0:0:
64,192,37430,128,0,37588:0:0:0:0:
448,192,37430,1,0,0:0:0:0:
320,192,37430,1,0,0:0:0:0:
192,192,37588,128,0,37746:0:0:0:0:
448,192,37588,128,0,37746:0:0:0:0:
320,192,37746,128,0,37904:0:0:0:0:
192,192,37904,128,0,38062:0:0:0:0:
64,192,37904,1,0,0:0:0:0:
448,192,37904,128,0,38062:0:0:0:0:
320,192,38062,128,0,38220:0:0:0:0:
192,192,38220,128,0,38378:0:0:0:0:
64,192,38220,128,0,38378:0:0:0:0:
320,192,38378,128,0,38536:0:0:0:0:
192,192,38536,128,0,38694:0:0:0:0:
448,192,38536,128,0,38694:0:0:0:0:
64,192,38694,128,0,39167:0:0:0:0:
320,192,39167,1,0,0:0:0:0:
448,192,39167,1,0,0:0:0:0:
64,192,39325,1,0,0:0:0:0:
192,192,39325,1,0,0:0:0:0:
320,192,39404,1,0,0:0:0:0:
192,192,39483,1,0,0:0:0:0:
448,192,39483,1,0,0:0:0:0:
64,192,39641,1,0,0:0:0:0:
192,192,39641,1,0,0:0:0:0:
320,192,39799,1,0,0:0:0:0:
64,192,39957,1,0,0:0:0:0:
192,192,39957,1,0,0:0:0:0:
448,192,39957,1,0,0:0:0:0:
64,192,40430,1,0,0:0:0:0:
192,192,40430,1,0,0:0:0:0:
320,192,40509,1,0,0:0:0:0:
448,192,40588,1,0,0:0:0:0:
64,192,40667,1,0,0:0:0:0:
320,192,40667,1,0,0:0:0:0:
192,192,40746,1,0,0:0:0:0:
448,192,40746,1,0,0:0:0:0:
320,192,40825,1,0,0:0:0:0:
64,192,40904,1,0,0:0:0:0:
192,192,40904,1,0,0:0:0:0:
448,192,40983,1,0,0:0:0:0:
64,192,41062,1,0,0:0:0:0:
192,192,41062,1,0,0:0:0:0:
320,192,41220,1,0,0:0:0:0:
64,192,41378,1,0,0:0:0:0:
320,192,41378,1,0,0:0:0:0:
448,192,41378,1,0,0:0:0:0:
64,192,41694,1,0,0:0:0:0:
192,192,41694,1,0,0:0:0:0:
448,192,41694,1,0,0:0:0:0:
320,192,41772,1,0,0:0:0:0:
448,192,41851,1,0,0:0:0:0:
64,192,41930,1,0,0:0:0:0:
320,192,41930,1,0,0:0:0:0:
192,192,42009,1,0,0:0:0:0:
448,192,42009,1,0,0:0:0:0:
64,192,42088,1,0,0:0:0:0:
448,192,42167,1,0,0:0:0:0:
320,192,42167,1,0,0:0:0:0:
192,192,42246,1,0,0:0:0:0:
64,192,42325,1,0,0:0:0:0:
192,192,42483,1,0,0:0:0:0:
320,192,42483,1,0,0:0:0:0:
64,192,42562,1,0,0:0:0:0:
448,192,42562,1,0,0:0:0:0:
192,192,42641,1,0,0:0:0:0:
320,192,42641,1,0,0:0:0:0:
448,192,42799,1,0,0:0:0:0:
64,192,42799,1,0,0:0:0:0:
320,192,42957,1,0,0:0:0:0:
448,192,42957,1,0,0:0:0:0:
192,192,43036,1,0,0:0:0:0:
64,192,43115,1,0,0:0:0:0:
192,192,43194,1,0,0:0:0:0:
320,192,43272,1,0,0:0:0:0:
448,192,43272,1,0,0:0:0:0:
64,192,43351,1,0,0:0:0:0:
192,192,43430,1,0,0:0:0:0:
320,192,43430,1,0,0:0:0:0:
448,192,43509,1,0,0:0:0:0:
320,192,43588,1,0,0:0:0:0:
64,192,43746,128,0,43904:0:0:0:0:
448,192,43904,128,0,44378:0:0:0:0:
64,192,44220,1,0,0:0:0:0:
192,192,44220,1,0,0:0:0:0:
64,192,44299,1,0,0:0:0:0:
192,192,44299,1,0,0:0:0:0:
320,192,44378,1,0,0:0:0:0:
64,192,44536,1,0,0:0:0:0:
320,192,44536,1,0,0:0:0:0:
448,192,44536,1,0,0:0:0:0:
320,192,44694,1,0,0:0:0:0:
448,192,44694,1,0,0:0:0:0:
320,192,44772,1,0,0:0:0:0:
448,192,44772,1,0,0:0:0:0:
64,192,44851,1,0,0:0:0:0:
192,192,44851,1,0,0:0:0:0:
64,192,45009,1,0,0:0:0:0:
192,192,45009,1,0,0:0:0:0:
448,192,45009,1,0,0:0:0:0:
64,192,45088,1,0,0:0:0:0:
192,192,45088,1,0,0:0:0:0:
448,192,45167,1,0,0:0:0:0:
320,192,45167,1,0,0:0:0:0:
320,192,45325,1,0,0:0:0:0:
448,192,45325,1,0,0:0:0:0:
64,192,45483,1,0,0:0:0:0:
320,192,45483,1,0,0:0:0:0:
448,192,45483,1,0,0:0:0:0:
64,192,45562,1,0,0:0:0:0:
192,192,45641,1,0,0:0:0:0:
448,192,45641,1,0,0:0:0:0:
448,192,45720,1,0,0:0:0:0:
192,192,45799,1,0,0:0:0:0:
320,192,45799,1,0,0:0:0:0:
192,192,45878,1,0,0:0:0:0:
320,192,45957,1,0,0:0:0:0:
448,192,45957,1,0,0:0:0:0:
64,192,45957,1,0,0:0:0:0:
320,192,46036,1,0,0:0:0:0:
448,192,46036,1,0,0:0:0:0:
64,192,46115,128,0,46430:0:0:0:0:
192,192,46115,128,0,46430:0:0:0:0:
320,192,46430,128,0,46746:0:0:0:0:
448,192,46430,128,0,46746:0:0:0:0:
64,192,46746,1,0,0:0:0:0:
192,192,46746,1,0,0:0:0:0:
64,192,46825,1,0,0:0:0:0:
192,192,46904,1,0,0:0:0:0:
320,192,46904,1,0,0:0:0:0:
320,192,46983,1,0,0:0:0:0:
64,192,47062,1,0,0:0:0:0:
192,192,47062,1,0,0:0:0:0:
448,192,47062,1,0,0:0:0:0:
320,192,47220,1,0,0:0:0:0:
448,192,47220,1,0,0:0:0:0:
320,192,47299,1,0,0:0:0:0:
448,192,47299,1,0,0:0:0:0:
64,192,47378,1,0,0:0:0:0:
192,192,47378,1,0,0:0:0:0:
192,192,47536,1,0,0:0:0:0:
64,192,47536,1,0,0:0:0:0:
192,192,47615,1,0,0:0:0:0:
64,192,47694,1,0,0:0:0:0:
320,192,47694,1,0,0:0:0:0:
448,192,47694,1,0,0:0:0:0:
192,192,47851,1,0,0:0:0:0:
448,192,47851,1,0,0:0:0:0:
192,192,47930,1,0,0:0:0:0:
64,192,48009,1,0,0:0:0:0:
448,192,48009,1,0,0:0:0:0:
448,192,48088,1,0,0:0:0:0:
64,192,48167,1,0,0:0:0:0:
320,192,48167,1,0,0:0:0:0:
192,192,48167,1,0,0:0:0:0:
64,192,48246,1,0,0:0:0:0:
192,192,48246,1,0,0:0:0:0:
320,192,48325,1,0,0:0:0:0:
448,192,48325,1,0,0:0:0:0:
192,192,48365,1,0,0:0:0:0:
64,192,48404,1,0,0:0:0:0:
448,192,48444,1,0,0:0:0:0:
320,192,48483,1,0,0:0:0:0:
192,192,48522,1,0,0:0:0:0:
64,192,48562,1,0,0:0:0:0:
320,192,48601,1,0,0:0:0:0:
448,192,48641,1,0,0:0:0:0:
192,192,48641,1,0,0:0:0:0:
64,192,48680,1,0,0:0:0:0:
320,192,48720,1,0,0:0:0:0:
448,192,48759,1,0,0:0:0:0:
64,192,48799,1,0,0:0:0:0:
192,192,48838,1,0,0:0:0:0:
448,192,48878,1,0,0:0:0:0:
320,192,48917,1,0,0:0:0:0:
64,192,48957,1,0,0:0:0:0:
192,192,48957,1,0,0:0:0:0:
448,192,48996,1,0,0:0:0:0:
320,192,49036,1,0,0:0:0:0:
64,192,49075,1,0,0:0:0:0:
192,192,49115,1,0,0:0:0:0:
320,192,49154,1,0,0:0:0:0:
448,192,49194,1,0,0:0:0:0:
64,192,49233,1,0,0:0:0:0:
192,192,49272,1,0,0:0:0:0:
320,192,49272,1,0,0:0:0:0:
448,192,49272,1,0,0:0:0:0:
64,192,49430,1,0,0:0:0:0:
192,192,49430,1,0,0:0:0:0:
448,192,49430,1,0,0:0:0:0:
64,192,49588,1,0,0:0:0:0:
448,192,49588,1,0,0:0:0:0:
320,192,49588,1,0,0:0:0:0:
64,192,49746,1,0,0:0:0:0:
192,192,49746,1,0,0:0:0:0:
320,192,49746,1,0,0:0:0:0:
448,192,49746,1,0,0:0:0:0:
64,192,50062,128,0,50378:0:0:0:0:
320,192,50062,128,0,51167:0:0:0:0:
192,192,50220,128,0,50694:0:0:0:0:
448,192,50378,128,0,50851:0:0:0:0:
64,192,50536,128,0,51009:0:0:0:0:
192,192,50851,128,0,51167:0:0:0:0:
448,192,51009,128,0,51325:0:0:0:0:
64,192,51167,128,0,51325:0:0:0:0:
192,192,51325,128,0,51483:0:0:0:0:
320,192,51325,128,0,51483:0:0:0:0:
64,192,51799,1,0,0:0:0:0:
448,192,51799,1,0,0:0:0:0:
320,192,51838,1,0,0:0:0:0:
192,192,51878,1,0,0:0:0:0:
64,192,51957,1,0,0:0:0:0:
448,192,51996,1,0,0:0:0:0:
192,192,52036,1,0,0:0:0:0:
64,192,52115,1,0,0:0:0:0:
320,192,52115,1,0,0:0:0:0:
192,192,52154,1,0,0:0:0:0:
448,192,52194,1,0,0:0:0:0:
448,192,52430,1,0,0:0:0:0:
64,192,52430,1,0,0:0:0:0:
192,192,52470,1,0,0:0:0:0:
320,192,52509,1,0,0:0:0:0:
192,192,52588,1,0,0:0:0:0:
448,192,52588,1,0,0:0:0:0:
320,192,52628,1,0,0:0:0:0:
64,192,52667,1,0,0:0:0:0:
192,192,52694,1,0,0:0:0:0:
448,192,52694,1,0,0:0:0:0:
320,192,52720,1,0,0:0:0:0:
64,192,52746,1,0,0:0:0:0:
192,192,52772,1,0,0:0:0:0:
192,192,52904,1,0,0:0:0:0:
448,192,52904,1,0,0:0:0:0:
64,192,52904,1,0,0:0:0:0:
64,192,53062,1,0,0:0:0:0:
320,192,53101,1,0,0:0:0:0:
64,192,53141,1,0,0:0:0:0:
320,192,53180,1,0,0:0:0:0:
192,192,53220,1,0,0:0:0:0:
448,192,53220,1,0,0:0:0:0:
64,192,53299,1,0,0:0:0:0:
320,192,53299,1,0,0:0:0:0:
192,192,53378,1,0,0:0:0:0:
448,192,53378,1,0,0:0:0:0:
320,192,53457,1,0,0:0:0:0:
64,192,53536,1,0,0:0:0:0:
192,192,53536,1,0,0:0:0:0:
320,192,53615,1,0,0:0:0:0:
448,192,53654,1,0,0:0:0:0:
64,192,53694,1,0,0:0:0:0:
192,192,53772,1,0,0:0:0:0:
448,192,53851,1,0,0:0:0:0:
192,192,53930,1,0,0:0:0:0:
448,192,54009,1,0,0:0:0:0:
320,192,54036,1,0,0:0:0:0:
64,192,54062,1,0,0:0:0:0:
192,192,54088,1,0,0:0:0:0:
448,192,54115,1,0,0:0:0:0:
64,192,54167,1,0,0:0:0:0:
192,192,54207,1,0,0:0:0:0:
320,192,54246,1,0,0:0:0:0:
64,192,54286,1,0,0:0:0:0:
448,192,54286,1,0,0:0:0:0:
320,192,54483,1,0,0:0:0:0:
448,192,54483,1,0,0:0:0:0:
192,192,54522,1,0,0:0:0:0:
64,192,54562,1,0,0:0:0:0:
192,192,54601,1,0,0:0:0:0:
320,192,54641,1,0,0:0:0:0:
448,192,54641,1,0,0:0:0:0:
192,192,54720,1,0,0:0:0:0:
448,192,54720,1,0,0:0:0:0:
64,192,54799,1,0,0:0:0:0:
320,192,54799,1,0,0:0:0:0:
64,192,54878,1,0,0:0:0:0:
320,192,54878,1,0,0:0:0:0:
64,192,55036,1,0,0:0:0:0:
192,192,55075,1,0,0:0:0:0:
320,192,55115,1,0,0:0:0:0:
448,192,55115,1,0,0:0:0:0:
64,192,55194,1,0,0:0:0:0:
192,192,55194,1,0,0:0:0:0:
320,192,55272,1,0,0:0:0:0:
448,192,55272,1,0,0:0:0:0:
64,192,55430,1,0,0:0:0:0:
192,192,55430,1,0,0:0:0:0:
192,192,55588,1,0,0:0:0:0:
448,192,55588,1,0,0:0:0:0:
320,192,55667,1,0,0:0:0:0:
64,192,55746,1,0,0:0:0:0:
192,192,55825,1,0,0:0:0:0:
448,192,55825,1,0,0:0:0:0:
320,192,55865,1,0,0:0:0:0:
64,192,55904,1,0,0:0:0:0:
192,192,55944,1,0,0:0:0:0:
320,192,55983,1,0,0:0:0:0:
448,192,55983,1,0,0:0:0:0:
64,192,56022,1,0,0:0:0:0:
192,192,56062,1,0,0:0:0:0:
448,192,56141,1,0,0:0:0:0:
320,192,56180,1,0,0:0:0:0:
64,192,56220,1,0,0:0:0:0:
192,192,56220,1,0,0:0:0:0:
64,192,56378,1,0,0:0:0:0:
448,192,56378,1,0,0:0:0:0:
192,192,56417,1,0,0:0:0:0:
320,192,56457,1,0,0:0:0:0:
64,192,56496,1,0,0:0:0:0:
192,192,56536,1,0,0:0:0:0:
448,192,56536,1,0,0:0:0:0:
192,192,56615,1,0,0:0:0:0:
448,192,56615,1,0,0:0:0:0:
64,192,56694,1,0,0:0:0:0:
320,192,56694,1,0,0:0:0:0:
64,192,56772,1,0,0:0:0:0:
320,192,56772,1,0,0:0:0:0:
448,192,56851,1,0,0:0:0:0:
320,192,56891,1,0,0:0:0:0:
192,192,56930,1,0,0:0:0:0:
64,192,56970,1,0,0:0:0:0:
192,192,57167,1,0,0:0:0:0:
448,192,57167,1,0,0:0:0:0:
192,192,57246,1,0,0:0:0:0:
448,192,57246,1,0,0:0:0:0:
64,192,57325,1,0,0:0:0:0:
320,192,57325,1,0,0:0:0:0:
192,192,57365,1,0,0:0:0:0:
448,192,57404,1,0,0:0:0:0:
64,192,57483,1,0,0:0:0:0:
320,192,57483,1,0,0:0:0:0:
64,192,57562,1,0,0:0:0:0:
320,192,57562,1,0,0:0:0:0:
192,192,57641,1,0,0:0:0:0:
448,192,57641,1,0,0:0:0:0:
64,192,57720,1,0,0:0:0:0:
448,192,57720,1,0,0:0:0:0:
192,192,57799,1,0,0:0:0:0:
320,192,57799,1,0,0:0:0:0:
192,192,57878,1,0,0:0:0:0:
448,192,57878,1,0,0:0:0:0:
64,192,57957,1,0,0:0:0:0:
320,192,57957,1,0,0:0:0:0:
64,192,58036,1,0,0:0:0:0:
448,192,58036,1,0,0:0:0:0:
192,192,58115,1,0,0:0:0:0:
320,192,58115,1,0,0:0:0:0:
320,192,58272,1,0,0:0:0:0:
448,192,58272,1,0,0:0:0:0:
64,192,58351,1,0,0:0:0:0:
192,192,58351,1,0,0:0:0:0:
320,192,58391,1,0,0:0:0:0:
64,192,58430,1,0,0:0:0:0:
448,192,58430,1,0,0:0:0:0:
192,192,58588,1,0,0:0:0:0:
448,192,58588,1,0,0:0:0:0:
320,192,58628,1,0,0:0:0:0:
64,192,58667,1,0,0:0:0:0:
192,192,58707,1,0,0:0:0:0:
320,192,58746,1,0,0:0:0:0:
448,192,58746,1,0,0:0:0:0:
64,192,58772,1,0,0:0:0:0:
192,192,58799,1,0,0:0:0:0:
448,192,58825,1,0,0:0:0:0:
320,192,58851,1,0,0:0:0:0:
192,192,58904,1,0,0:0:0:0:
64,192,58904,1,0,0:0:0:0:
320,192,58983,1,0,0:0:0:0:
448,192,59062,1,0,0:0:0:0:
320,192,59088,1,0,0:0:0:0:
192,192,59115,1,0,0:0:0:0:
64,192,59141,1,0,0:0:0:0:
448,192,59180,1,0,0:0:0:0:
320,192,59220,1,0,0:0:0:0:
192,192,59259,1,0,0:0:0:0:
64,192,59299,1,0,0:0:0:0:
448,192,59378,1,0,0:0:0:0:
320,192,59378,1,0,0:0:0:0:
192,192,59536,1,0,0:0:0:0:
320,192,59536,1,0,0:0:0:0:
64,192,59615,1,0,0:0:0:0:
320,192,59694,1,0,0:0:0:0:
448,192,59694,1,0,0:0:0:0:
192,192,59772,1,0,0:0:0:0:
64,192,59851,1,0,0:0:0:0:
320,192,59851,1,0,0:0:0:0:
64,192,59930,1,0,0:0:0:0:
320,192,59930,1,0,0:0:0:0:
448,192,60009,1,0,0:0:0:0:
192,192,60009,1,0,0:0:0:0:
64,192,60088,1,0,0:0:0:0:
448,192,60088,1,0,0:0:0:0:
192,192,60167,1,0,0:0:0:0:
320,192,60167,1,0,0:0:0:0:
192,192,60246,1,0,0:0:0:0:
448,192,60246,1,0,0:0:0:0:
64,192,60325,1,0,0:0:0:0:
320,192,60325,1,0,0:0:0:0:
192,192,60365,1,0,0:0:0:0:
448,192,60404,1,0,0:0:0:0:
320,192,60444,1,0,0:0:0:0:
192,192,60483,1,0,0:0:0:0:
64,192,60522,1,0,0:0:0:0:
192,192,60562,1,0,0:0:0:0:
320,192,60601,1,0,0:0:0:0:
448,192,60641,1,0,0:0:0:0:
64,192,60641,1,0,0:0:0:0:
320,192,60799,1,0,0:0:0:0:
64,192,60799,1,0,0:0:0:0:
192,192,60851,1,0,0:0:0:0:
448,192,60904,1,0,0:0:0:0:
320,192,60957,1,0,0:0:0:0:
64,192,60957,1,0,0:0:0:0:
64,192,61036,1,0,0:0:0:0:
320,192,61036,1,0,0:0:0:0:
192,192,61115,1,0,0:0:0:0:
448,192,61115,1,0,0:0:0:0:
192,192,61194,1,0,0:0:0:0:
448,192,61194,1,0,0:0:0:0:
64,192,61272,1,0,0:0:0:0:
320,192,61272,1,0,0:0:0:0:
192,192,61312,1,0,0:0:0:0:
320,192,61351,1,0,0:0:0:0:
448,192,61391,1,0,0:0:0:0:
64,192,61430,1,0,0:0:0:0:
192,192,61430,1,0,0:0:0:0:
192,192,61588,128,0,61746:0:0:0:0:
320,192,61588,128,0,61746:0:0:0:0:
64,192,61904,128,0,64351:0:0:0:0:
192,192,61904,128,0,62299:0:0:0:0:
320,192,62062,128,0,62457:0:0:0:0:
448,192,62220,128,0,62615:0:0:0:0:
192,192,62378,128,0,62772:0:0:0:0:
320,192,62536,128,0,62930:0:0:0:0:
448,192,62694,128,0,63088:0:0:0:0:
192,192,62851,128,0,63246:0:0:0:0:
320,192,63009,128,0,63404:0:0:0:0:
448,192,63167,128,0,63562:0:0:0:0:
192,192,63325,128,0,63720:0:0:0:0:
320,192,63483,128,0,63720:0:0:0:0:
448,192,63641,128,0,63720:0:0:0:0:
192,192,63799,128,0,64351:0:0:0:0:
320,192,63799,128,0,64351:0:0:0:0:
448,192,63799,128,0,64036:0:0:0:0:
448,192,64115,128,0,64351:0:0:0:0:
64,192,64430,128,0,64904:0:0:0:0:
192,192,64430,1,0,0:0:0:0:
320,192,64588,1,0,0:0:0:0:
320,192,64746,1,0,0:0:0:0:
448,192,64746,1,0,0:0:0:0:
192,192,64904,1,0,0:0:0:0:
448,192,64904,128,0,65694:0:0:0:0:
64,192,65062,1,0,0:0:0:0:
320,192,65220,1,0,0:0:0:0:
64,192,65378,1,0,0:0:0:0:
192,192,65378,1,0,0:0:0:0:
192,192,65536,1,0,0:0:0:0:
320,192,65694,1,0,0:0:0:0:
64,192,65694,128,0,66246:0:0:0:0:
192,192,65851,1,0,0:0:0:0:
320,192,66009,1,0,0:0:0:0:
448,192,66009,1,0,0:0:0:0:
192,192,66167,1,0,0:0:0:0:
64,192,66483,1,0,0:0:0:0:
192,192,66483,1,0,0:0:0:0:
320,192,66641,1,0,0:0:0:0:
448,192,66641,1,0,0:0:0:0:
64,192,66957,1,0,0:0:0:0:
192,192,66957,1,0,0:0:0:0:
448,192,66957,1,0,0:0:0:0:
320,192,67036,1,0,0:0:0:0:
192,192,67115,1,0,0:0:0:0:
64,192,67194,1,0,0:0:0:0:
320,192,67272,1,0,0:0:0:0:
448,192,67272,1,0,0:0:0:0:
192,192,67351,1,0,0:0:0:0:
64,192,67430,1,0,0:0:0:0:
448,192,67430,1,0,0:0:0:0:
320,192,67509,1,0,0:0:0:0:
192,192,67588,1,0,0:0:0:0:
64,192,67667,1,0,0:0:0:0:
320,192,67746,1,0,0:0:0:0:
448,192,67746,1,0,0:0:0:0:
64,192,68220,1,0,0:0:0:0:
192,192,68220,1,0,0:0:0:0:
320,192,68299,1,0,0:0:0:0:
448,192,68378,1,0,0:0:0:0:
64,192,68457,1,0,0:0:0:0:
192,192,68536,1,0,0:0:0:0:
320,192,68536,1,0,0:0:0:0:
448,192,68615,1,0,0:0:0:0:
64,192,68694,1,0,0:0:0:0:
192,192,68694,1,0,0:0:0:0:
320,192,68772,1,0,0:0:0:0:
192,192,68851,1,0,0:0:0:0:
448,192,68851,1,0,0:0:0:0:
320,192,69009,1,0,0:0:0:0:
64,192,69167,1,0,0:0:0:0:
192,192,69167,1,0,0:0:0:0:
448,192,69167,1,0,0:0:0:0:
64,192,69483,1,0,0:0:0:0:
192,192,69483,1,0,0:0:0:0:
448,192,69562,1,0,0:0:0:0:
320,192,69641,1,0,0:0:0:0:
64,192,69720,1,0,0:0:0:0:
448,192,69799,1,0,0:0:0:0:
192,192,69799,1,0,0:0:0:0:
320,192,69878,1,0,0:0:0:0:
64,192,69957,1,0,0:0:0:0:
192,192,69957,1,0,0:0:0:0:
448,192,70036,1,0,0:0:0:0:
192,192,70115,1,0,0:0:0:0:
64,192,70194,1,0,0:0:0:0:
320,192,70272,1,0,0:0:0:0:
448,192,70272,1,0,0:0:0:0:
64,192,70588,1,0,0:0:0:0:
192,192,70588,1,0,0:0:0:0:
320,192,70746,1,0,0:0:0:0:
448,192,70746,1,0,0:0:0:0:
192,192,70825,1,0,0:0:0:0:
64,192,70904,1,0,0:0:0:0:
192,192,70983,1,0,0:0:0:0:
320,192,71062,1,0,0:0:0:0:
448,192,71062,1,0,0:0:0:0:
192,192,71141,1,0,0:0:0:0:
64,192,71220,1,0,0:0:0:0:
320,192,71220,1,0,0:0:0:0:
448,192,71299,1,0,0:0:0:0:
192,192,71378,1,0,0:0:0:0:
64,192,71457,1,0,0:0:0:0:
320,192,71536,1,0,0:0:0:0:
192,192,71536,1,0,0:0:0:0:
64,192,71694,1,0,0:0:0:0:
64,192,72009,128,0,75799:0:0:0:0:
320,192,72009,1,0,0:0:0:0:
320,192,72325,1,0,0:0:0:0:
320,192,72641,1,0,0:0:0:0:
320,192,72957,1,0,0:0:0:0:
448,192,73272,1,0,0:0:0:0:
448,192,73588,1,0,0:0:0:0:
448,192,73904,1,0,0:0:0:0:
448,192,74220,1,0,0:0:0:0:
448,192,74536,1,0,0:0:0:0:
448,192,74694,1,0,0:0:0:0:
448,192,74851,1,0,0:0:0:0:
448,192,75009,1,0,0:0:0:0:
448,192,75167,1,0,0:0:0:0:
448,192,75325,1,0,0:0:0:0:
448,192,75483,1,0,0:0:0:0:
448,192,75641,1,0,0:0:0:0:
320,192,75799,128,0,75957:0:0:0:0:
448,192,75799,128,0,76667:0:0:0:0:
192,192,75957,128,0,76115:0:0:0:0:
320,192,76115,128,0,76194:0:0:0:0:
192,192,76194,128,0,76272:0:0:0:0:
64,192,76272,128,0,76351:0:0:0:0:
192,192,76351,128,0,76430:0:0:0:0:
320,192,76430,128,0,76509:0:0:0:0:
192,192,76509,128,0,76588:0:0:0:0:
64,192,76588,128,0,76667:0:0:0:0:
64,192,76746,1,0,0:0:0:0:
192,192,76746,1,0,0:0:0:0:
320,192,76746,1,0,0:0:0:0:
448,192,76746,1,0,0:0:0:0:
64,192,77062,1,0,0:0:0:0:
192,192,77062,1,0,0:0:0:0:
320,192,77141,1,0,0:0:0:0:
448,192,77141,1,0,0:0:0:0:
64,192,77220,1,0,0:0:0:0:
192,192,77220,1,0,0:0:0:0:
320,192,77299,1,0,0:0:0:0:
448,192,77299,1,0,0:0:0:0:
64,192,77378,1,0,0:0:0:0:
192,192,77378,1,0,0:0:0:0:
320,192,77536,1,0,0:0:0:0:
448,192,77536,1,0,0:0:0:0:
64,192,77615,1,0,0:0:0:0:
192,192,77615,1,0,0:0:0:0:
448,192,77694,1,0,0:0:0:0:
320,192,77694,1,0,0:0:0:0:
64,192,77772,1,0,0:0:0:0:
192,192,77772,1,0,0:0:0:0:
320,192,77851,1,0,0:0:0:0:
448,192,77851,1,0,0:0:0:0:
64,192,78009,1,0,0:0:0:0:
192,192,78009,1,0,0:0:0:0:
320,192,78088,1,0,0:0:0:0:
448,192,78088,1,0,0:0:0:0:
64,192,78167,1,0,0:0:0:0:
192,192,78167,1,0,0:0:0:0:
448,192,78246,1,0,0:0:0:0:
320,192,78246,1,0,0:0:0:0:
64,192,78325,1,0,0:0:0:0:
192,192,78325,1,0,0:0:0:0:
320,192,78404,1,0,0:0:0:0:
64,192,78483,1,0,0:0:0:0:
192,192,78483,1,0,0:0:0:0:
448,192,78483,1,0,0:0:0:0:
320,192,78562,1,0,0:0:0:0:
64,192,78641,1,0,0:0:0:0:
192,192,78641,1,0,0:0:0:0:
320,192,78720,1,0,0:0:0:0:
64,192,78799,1,0,0:0:0:0:
192,192,78799,1,0,0:0:0:0:
320,192,78878,1,0,0:0:0:0:
192,192,78957,1,0,0:0:0:0:
64,192,78957,1,0,0:0:0:0:
448,192,78957,1,0,0:0:0:0:
320,192,79036,1,0,0:0:0:0:
448,192,79115,1,0,0:0:0:0:
64,192,79115,1,0,0:0:0:0:
192,192,79194,1,0,0:0:0:0:
64,192,79272,1,0,0:0:0:0:
320,192,79272,1,0,0:0:0:0:
448,192,79272,1,0,0:0:0:0:
192,192,79430,1,0,0:0:0:0:
320,192,79430,1,0,0:0:0:0:
64,192,79588,1,0,0:0:0:0:
192,192,79588,1,0,0:0:0:0:
320,192,79746,1,0,0:0:0:0:
448,192,79746,1,0,0:0:0:0:
64,192,79746,1,0,0:0:0:0:
192,192,79825,1,0,0:0:0:0:
64,192,79904,1,0,0:0:0:0:
320,192,79904,1,0,0:0:0:0:
448,192,79904,1,0,0:0:0:0:
192,192,79983,1,0,0:0:0:0:
320,192,80062,1,0,0:0:0:0:
448,192,80062,1,0,0:0:0:0:
448,192,80220,1,0,0:0:0:0:
320,192,80220,1,0,0:0:0:0:
64,192,80220,1,0,0:0:0:0:
192,192,80299,1,0,0:0:0:0:
64,192,80378,1,0,0:0:0:0:
320,192,80378,1,0,0:0:0:0:
448,192,80378,1,0,0:0:0:0:
192,192,80457,1,0,0:0:0:0:
320,192,80536,1,0,0:0:0:0:
192,192,80615,1,0,0:0:0:0:
64,192,80694,1,0,0:0:0:0:
320,192,80694,1,0,0:0:0:0:
448,192,80694,1,0,0:0:0:0:
64,192,80851,1,0,0:0:0:0:
448,192,80851,1,0,0:0:0:0:
320,192,80851,1,0,0:0:0:0:
64,192,81167,1,0,0:0:0:0:
448,192,81167,1,0,0:0:0:0:
192,192,81246,1,0,0:0:0:0:
320,192,81246,1,0,0:0:0:0:
448,192,81325,1,0,0:0:0:0:
64,192,81483,1,0,0:0:0:0:
320,192,81483,1,0,0:0:0:0:
448,192,81483,1,0,0:0:0:0:
192,192,81562,1,0,0:0:0:0:
320,192,81641,1,0,0:0:0:0:
192,192,81720,1,0,0:0:0:0:
320,192,81799,1,0,0:0:0:0:
448,192,81799,1,0,0:0:0:0:
64,192,81799,1,0,0:0:0:0:
192,192,81878,1,0,0:0:0:0:
320,192,81957,1,0,0:0:0:0:
64,192,82115,1,0,0:0:0:0:
192,192,82115,1,0,0:0:0:0:
448,192,82115,1,0,0:0:0:0:
64,192,82272,1,0,0:0:0:0:
192,192,82272,1,0,0:0:0:0:
448,192,82272,1,0,0:0:0:0:
320,192,82351,1,0,0:0:0:0:
192,192,82430,1,0,0:0:0:0:
320,192,82509,1,0,0:0:0:0:
192,192,82588,1,0,0:0:0:0:
320,192,82667,1,0,0:0:0:0:
64,192,82746,1,0,0:0:0:0:
192,192,82746,1,0,0:0:0:0:
448,192,82746,1,0,0:0:0:0:
320,192,82825,1,0,0:0:0:0:
448,192,82904,1,0,0:0:0:0:
192,192,82904,1,0,0:0:0:0:
64,192,82904,1,0,0:0:0:0:
320,192,82983,1,0,0:0:0:0:
192,192,83062,1,0,0:0:0:0:
320,192,83141,1,0,0:0:0:0:
192,192,83220,1,0,0:0:0:0:
320,192,83299,1,0,0:0:0:0:
64,192,83378,1,0,0:0:0:0:
192,192,83378,1,0,0:0:0:0:
448,192,83378,1,0,0:0:0:0:
320,192,83457,1,0,0:0:0:0:
192,192,83536,1,0,0:0:0:0:
448,192,83536,1,0,0:0:0:0:
64,192,83536,1,0,0:0:0:0:
320,192,83615,1,0,0:0:0:0:
192,192,83694,1,0,0:0:0:0:
320,192,83772,1,0,0:0:0:0:
64,192,83851,1,0,0:0:0:0:
192,192,83851,1,0,0:0:0:0:
448,192,83851,1,0,0:0:0:0:
320,192,83930,1,0,0:0:0:0:
192,192,84009,1,0,0:0:0:0:
320,192,84088,1,0,0:0:0:0:
448,192,84167,1,0,0:0:0:0:
64,192,84167,1,0,0:0:0:0:
192,192,84167,1,0,0:0:0:0:
320,192,84325,1,0,0:0:0:0:
192,192,84325,1,0,0:0:0:0:
320,192,84483,1,0,0:0:0:0:
64,192,84483,1,0,0:0:0:0:
192,192,84522,1,0,0:0:0:0:
448,192,84562,1,0,0:0:0:0:
320,192,84601,1,0,0:0:0:0:
64,192,84641,1,0,0:0:0:0:
192,192,84641,1,0,0:0:0:0:
448,192,84720,1,0,0:0:0:0:
320,192,84799,1,0,0:0:0:0:
64,192,84878,1,0,0:0:0:0:
192,192,84957,1,0,0:0:0:0:
448,192,85036,1,0,0:0:0:0:
64,192,85115,1,0,0:0:0:0:
320,192,85115,1,0,0:0:0:0:
192,192,85194,1,0,0:0:0:0:
64,192,85272,1,0,0:0:0:0:
320,192,85272,1,0,0:0:0:0:
448,192,85272,1,0,0:0:0:0:
320,192,85430,1,0,0:0:0:0:
64,192,85509,1,0,0:0:0:0:
192,192,85509,1,0,0:0:0:0:
448,192,85509,1,0,0:0:0:0:
320,192,85588,1,0,0:0:0:0:
192,192,85667,1,0,0:0:0:0:
64,192,85746,1,0,0:0:0:0:
320,192,85746,1,0,0:0:0:0:
448,192,85746,1,0,0:0:0:0:
192,192,85825,1,0,0:0:0:0:
64,192,85904,128,0,86141:0:0:0:0:
320,192,85904,128,0,86141:0:0:0:0:
448,192,85904,128,0,86141:0:0:0:0:
64,192,86220,1,0,0:0:0:0:
192,192,86220,1,0,0:0:0:0:
192,192,86299,1,0,0:0:0:0:
64,192,86299,1,0,0:0:0:0:
320,192,86378,1,0,0:0:0:0:
448,192,86378,1,0,0:0:0:0:
320,192,86457,1,0,0:0:0:0:
448,192,86457,1,0,0:0:0:0:
64,192,86536,1,0,0:0:0:0:
192,192,86536,1,0,0:0:0:0:
64,192,86615,1,0,0:0:0:0:
192,192,86615,1,0,0:0:0:0:
320,192,86694,1,0,0:0:0:0:
448,192,86694,1,0,0:0:0:0:
448,192,86772,1,0,0:0:0:0:
320,192,86772,1,0,0:0:0:0:
64,192,86851,1,0,0:0:0:0:
192,192,86851,1,0,0:0:0:0:
320,192,87009,1,0,0:0:0:0:
448,192,87009,1,0,0:0:0:0:
320,192,87088,1,0,0:0:0:0:
448,192,87088,1,0,0:0:0:0:
64,192,87167,1,0,0:0:0:0:
192,192,87167,1,0,0:0:0:0:
64,192,87246,1,0,0:0:0:0:
192,192,87246,1,0,0:0:0:0:
320,192,87325,1,0,0:0:0:0:
448,192,87325,1,0,0:0:0:0:
448,192,87404,1,0,0:0:0:0:
192,192,87404,1,0,0:0:0:0:
64,192,87483,1,0,0:0:0:0:
320,192,87483,1,0,0:0:0:0:
64,192,87562,1,0,0:0:0:0:
320,192,87562,1,0,0:0:0:0:
192,192,87641,1,0,0:0:0:0:
448,192,87641,1,0,0:0:0:0:
192,192,87720,1,0,0:0:0:0:
448,192,87720,1,0,0:0:0:0:
64,192,87799,1,0,0:0:0:0:
320,192,87799,1,0,0:0:0:0:
64,192,87878,1,0,0:0:0:0:
320,192,87878,1,0,0:0:0:0:
192,192,87957,1,0,0:0:0:0:
448,192,87957,1,0,0:0:0:0:
64,192,88036,1,0,0:0:0:0:
448,192,88036,1,0,0:0:0:0:
64,192,88115,1,0,0:0:0:0:
192,192,88115,1,0,0:0:0:0:
320,192,88194,1,0,0:0:0:0:
448,192,88194,1,0,0:0:0:0:
320,192,88272,1,0,0:0:0:0:
448,192,88272,1,0,0:0:0:0:
192,192,88351,1,0,0:0:0:0:
64,192,88351,1,0,0:0:0:0:
64,192,88430,1,0,0:0:0:0:
192,192,88430,1,0,0:0:0:0:
320,192,88509,1,0,0:0:0:0:
448,192,88509,1,0,0:0:0:0:
320,192,88588,1,0,0:0:0:0:
448,192,88588,1,0,0:0:0:0:
64,192,88667,1,0,0:0:0:0:
192,192,88667,1,0,0:0:0:0:
64,192,88746,1,0,0:0:0:0:
320,192,88746,1,0,0:0:0:0:
448,192,88746,1,0,0:0:0:0:
192,192,88825,1,0,0:0:0:0:
320,192,88825,1,0,0:0:0:0:
64,192,88904,1,0,0:0:0:0:
448,192,88904,1,0,0:0:0:0:
192,192,88904,1,0,0:0:0:0:
320,192,88983,1,0,0:0:0:0:
448,192,88983,1,0,0:0:0:0:
64,192,89062,1,0,0:0:0:0:
320,192,89062,1,0,0:0:0:0:
192,192,89062,1,0,0:0:0:0:
192,192,89220,128,0,89536:0:0:0:0:
448,192,89536,128,0,89694:0:0:0:0:
64,192,89694,1,0,0:0:0:0:
192,192,89694,1,0,0:0:0:0:
320,192,89694,128,0,90167:0:0:0:0:
448,192,89851,1,0,0:0:0:0:
192,192,89930,1,0,0:0:0:0:
64,192,90009,1,0,0:0:0:0:
448,192,90009,1,0,0:0:0:0:
448,192,90167,1,0,0:0:0:0:
192,192,90167,1,0,0:0:0:0:
64,192,90167,128,0,90641:0:0:0:0:
320,192,90483,1,0,0:0:0:0:
448,192,90483,1,0,0:0:0:0:
320,192,90641,128,0,90957:0:0:0:0:
64,192,90957,1,0,0:0:0:0:
192,192,90957,128,0,91904:0:0:0:0:
448,192,90957,1,0,0:0:0:0:
320,192,91036,1,0,0:0:0:0:
64,192,91115,1,0,0:0:0:0:
320,192,91194,1,0,0:0:0:0:
448,192,91272,1,0,0:0:0:0:
64,192,91272,1,0,0:0:0:0:
64,192,91430,1,0,0:0:0:0:
320,192,91430,1,0,0:0:0:0:
448,192,91430,1,0,0:0:0:0:
64,192,91588,1,0,0:0:0:0:
320,192,91588,1,0,0:0:0:0:
448,192,91588,1,0,0:0:0:0:
448,192,91746,1,0,0:0:0:0:
64,192,91904,1,0,0:0:0:0:
320,192,91904,128,0,92220:0:0:0:0:
448,192,91904,1,0,0:0:0:0:
64,192,92220,1,0,0:0:0:0:
448,192,92220,128,0,92694:0:0:0:0:
192,192,92220,1,0,0:0:0:0:
192,192,92378,1,0,0:0:0:0:
64,192,92457,1,0,0:0:0:0:
192,192,92536,1,0,0:0:0:0:
320,192,92536,1,0,0:0:0:0:
64,192,92694,128,0,93167:0:0:0:0:
192,192,92694,1,0,0:0:0:0:
320,192,92694,1,0,0:0:0:0:
448,192,92851,1,0,0:0:0:0:
192,192,93009,1,0,0:0:0:0:
320,192,93009,1,0,0:0:0:0:
448,192,93167,128,0,93483:0:0:0:0:
192,192,93325,1,0,0:0:0:0:
64,192,93483,1,0,0:0:0:0:
320,192,93483,1,0,0:0:0:0:
192,192,93562,1,0,0:0:0:0:
64,192,93641,1,0,0:0:0:0:
192,192,93720,1,0,0:0:0:0:
320,192,93799,1,0,0:0:0:0:
448,192,93799,1,0,0:0:0:0:
64,192,93957,128,0,94746:0:0:0:0:
192,192,93957,1,0,0:0:0:0:
320,192,93957,1,0,0:0:0:0:
448,192,94036,1,0,0:0:0:0:
320,192,94115,1,0,0:0:0:0:
192,192,94194,1,0,0:0:0:0:
320,192,94272,1,0,0:0:0:0:
192,192,94746,1,0,0:0:0:0:
320,192,94746,128,0,95220:0:0:0:0:
448,192,94746,1,0,0:0:0:0:
64,192,94904,1,0,0:0:0:0:
192,192,94983,1,0,0:0:0:0:
64,192,95062,1,0,0:0:0:0:
448,192,95062,1,0,0:0:0:0:
64,192,95220,1,0,0:0:0:0:
448,192,95220,128,0,95694:0:0:0:0:
192,192,95220,1,0,0:0:0:0:
192,192,95536,1,0,0:0:0:0:
320,192,95536,1,0,0:0:0:0:
64,192,95694,1,0,0:0:0:0:
192,192,95694,128,0,96009:0:0:0:0:
320,192,95694,1,0,0:0:0:0:
320,192,95851,1,0,0:0:0:0:
320,192,95930,1,0,0:0:0:0:
64,192,96009,128,0,96483:0:0:0:0:
448,192,96009,1,0,0:0:0:0:
320,192,96088,1,0,0:0:0:0:
448,192,96167,1,0,0:0:0:0:
320,192,96246,1,0,0:0:0:0:
192,192,96325,1,0,0:0:0:0:
448,192,96325,1,0,0:0:0:0:
192,192,96483,128,0,96957:0:0:0:0:
320,192,96483,1,0,0:0:0:0:
448,192,96483,1,0,0:0:0:0:
320,192,96641,1,0,0:0:0:0:
448,192,96641,1,0,0:0:0:0:
64,192,96799,1,0,0:0:0:0:
448,192,96957,1,0,0:0:0:0:
320,192,96957,128,0,97272:0:0:0:0:
64,192,97272,128,0,98220:0:0:0:0:
448,192,97272,128,0,98220:0:0:0:0:
192,192,97272,1,0,0:0:0:0:
320,192,97430,1,0,0:0:0:0:
192,192,97509,1,0,0:0:0:0:
320,192,97588,1,0,0:0:0:0:
192,192,97746,1,0,0:0:0:0:
320,192,97746,1,0,0:0:0:0:
192,192,98062,1,0,0:0:0:0:
320,192,98062,1,0,0:0:0:0:
320,192,98220,128,0,98536:0:0:0:0:
64,192,98378,1,0,0:0:0:0:
192,192,98378,1,0,0:0:0:0:
192,192,98457,1,0,0:0:0:0:
64,192,98457,1,0,0:0:0:0:
64,192,98536,1,0,0:0:0:0:
448,192,98536,1,0,0:0:0:0:
192,192,98615,1,0,0:0:0:0:
320,192,98694,1,0,0:0:0:0:
448,192,98694,1,0,0:0:0:0:
192,192,98772,1,0,0:0:0:0:
64,192,98851,1,0,0:0:0:0:
320,192,98851,1,0,0:0:0:0:
448,192,99009,1,0,0:0:0:0:
64,192,99009,1,0,0:0:0:0:
192,192,99009,1,0,0:0:0:0:
320,192,99088,1,0,0:0:0:0:
192,192,99167,128,0,99799:0:0:0:0:
448,192,99167,1,0,0:0:0:0:
320,192,99246,1,0,0:0:0:0:
64,192,99325,1,0,0:0:0:0:
448,192,99325,1,0,0:0:0:0:
320,192,99483,1,0,0:0:0:0:
448,192,99483,1,0,0:0:0:0:
448,192,99799,128,0,100746:0:0:0:0:
320,192,99799,1,0,0:0:0:0:
64,192,99799,1,0,0:0:0:0:
192,192,99957,1,0,0:0:0:0:
320,192,100036,1,0,0:0:0:0:
64,192,100115,1,0,0:0:0:0:
192,192,100115,1,0,0:0:0:0:
192,192,100272,1,0,0:0:0:0:
320,192,100272,1,0,0:0:0:0:
320,192,100430,1,0,0:0:0:0:
64,192,100588,1,0,0:0:0:0:
192,192,100588,1,0,0:0:0:0:
320,192,100746,128,0,101062:0:0:0:0:
448,192,101062,1,0,0:0:0:0:
64,192,101062,128,0,101615:0:0:0:0:
192,192,101141,1,0,0:0:0:0:
320,192,101220,1,0,0:0:0:0:
448,192,101299,1,0,0:0:0:0:
192,192,101378,1,0,0:0:0:0:
320,192,101378,1,0,0:0:0:0:
320,192,101536,1,0,0:0:0:0:
448,192,101536,1,0,0:0:0:0:
64,192,101694,128,0,102009:0:0:0:0:
320,192,101694,1,0,0:0:0:0:
448,192,101694,1,0,0:0:0:0:
192,192,101851,1,0,0:0:0:0:
320,192,102009,128,0,102325:0:0:0:0:
448,192,102009,1,0,0:0:0:0:
64,192,102325,1,0,0:0:0:0:
448,192,102325,128,0,102799:0:0:0:0:
192,192,102325,1,0,0:0:0:0:
320,192,102404,1,0,0:0:0:0:
192,192,102483,1,0,0:0:0:0:
64,192,102562,1,0,0:0:0:0:
192,192,102641,1,0,0:0:0:0:
320,192,102641,1,0,0:0:0:0:
64,192,102799,1,0,0:0:0:0:
192,192,102799,128,0,103272:0:0:0:0:
320,192,102957,1,0,0:0:0:0:
448,192,103115,1,0,0:0:0:0:
320,192,103272,128,0,103588:0:0:0:0:
64,192,103430,1,0,0:0:0:0:
192,192,103430,1,0,0:0:0:0:
64,192,103588,128,0,104220:0:0:0:0:
448,192,103588,1,0,0:0:0:0:
192,192,103667,1,0,0:0:0:0:
448,192,103746,1,0,0:0:0:0:
320,192,103825,1,0,0:0:0:0:
192,192,103904,1,0,0:0:0:0:
448,192,103904,1,0,0:0:0:0:
320,192,104062,1,0,0:0:0:0:
448,192,104062,1,0,0:0:0:0:
192,192,104141,1,0,0:0:0:0:
320,192,104220,1,0,0:0:0:0:
448,192,104220,128,0,104851:0:0:0:0:
192,192,104299,1,0,0:0:0:0:
64,192,104378,1,0,0:0:0:0:
320,192,104378,1,0,0:0:0:0:
192,192,104536,1,0,0:0:0:0:
64,192,104851,128,0,105325:0:0:0:0:
192,192,104851,1,0,0:0:0:0:
320,192,104851,1,0,0:0:0:0:
320,192,105009,1,0,0:0:0:0:
192,192,105088,1,0,0:0:0:0:
448,192,105167,1,0,0:0:0:0:
320,192,105167,1,0,0:0:0:0:
320,192,105325,128,0,105799:0:0:0:0:
192,192,105325,1,0,0:0:0:0:
448,192,105325,1,0,0:0:0:0:
64,192,105641,1,0,0:0:0:0:
192,192,105641,1,0,0:0:0:0:
64,192,105799,1,0,0:0:0:0:
192,192,105799,1,0,0:0:0:0:
448,192,105799,128,0,106115:0:0:0:0:
64,192,105957,1,0,0:0:0:0:
192,192,105957,1,0,0:0:0:0:
64,192,106036,1,0,0:0:0:0:
192,192,106036,1,0,0:0:0:0:
64,192,106115,1,0,0:0:0:0:
192,192,106115,128,0,106588:0:0:0:0:
320,192,106115,1,0,0:0:0:0:
448,192,106194,1,0,0:0:0:0:
320,192,106272,1,0,0:0:0:0:
448,192,106351,1,0,0:0:0:0:
64,192,106430,1,0,0:0:0:0:
320,192,106430,1,0,0:0:0:0:
64,192,106588,128,0,107062:0:0:0:0:
320,192,106588,1,0,0:0:0:0:
448,192,106588,128,0,107062:0:0:0:0:
192,192,106746,1,0,0:0:0:0:
320,192,106746,1,0,0:0:0:0:
320,192,106904,1,0,0:0:0:0:
192,192,107062,1,0,0:0:0:0:
320,192,107062,128,0,107378:0:0:0:0:
64,192,107220,1,0,0:0:0:0:
64,192,107378,1,0,0:0:0:0:
192,192,107378,1,0,0:0:0:0:
448,192,107378,128,0,107851:0:0:0:0:
192,192,107536,1,0,0:0:0:0:
64,192,107615,1,0,0:0:0:0:
192,192,107694,1,0,0:0:0:0:
320,192,107694,1,0,0:0:0:0:
320,192,107851,1,0,0:0:0:0:
192,192,107851,128,0,108325:0:0:0:0:
64,192,107851,1,0,0:0:0:0:
448,192,108009,1,0,0:0:0:0:
64,192,108167,1,0,0:0:0:0:
320,192,108167,1,0,0:0:0:0:
320,192,108325,1,0,0:0:0:0:
448,192,108325,128,0,108641:0:0:0:0:
64,192,108483,1,0,0:0:0:0:
320,192,108483,1,0,0:0:0:0:
64,192,108562,1,0,0:0:0:0:
320,192,108562,1,0,0:0:0:0:
320,192,108641,1,0,0:0:0:0:
192,192,108641,128,0,109115:0:0:0:0:
64,192,108641,1,0,0:0:0:0:
64,192,108799,1,0,0:0:0:0:
320,192,108799,1,0,0:0:0:0:
320,192,108957,1,0,0:0:0:0:
448,192,108957,1,0,0:0:0:0:
64,192,109115,128,0,109194:0:0:0:0:
320,192,109115,1,0,0:0:0:0:
448,192,109115,1,0,0:0:0:0:
64,192,109272,128,0,109904:0:0:0:0:
192,192,109272,1,0,0:0:0:0:
320,192,109430,1,0,0:0:0:0:
448,192,109430,1,0,0:0:0:0:
320,192,109588,1,0,0:0:0:0:
448,192,109588,1,0,0:0:0:0:
192,192,109588,1,0,0:0:0:0:
192,192,109904,1,0,0:0:0:0:
320,192,109904,128,0,110851:0:0:0:0:
448,192,109904,1,0,0:0:0:0:
320,192,111167,1,0,0:0:0:0:
448,192,111167,1,0,0:0:0:0:
64,192,111246,1,0,0:0:0:0:
192,192,111246,1,0,0:0:0:0:
320,192,111325,1,0,0:0:0:0:
448,192,111325,1,0,0:0:0:0:
64,192,111404,1,0,0:0:0:0:
192,192,111404,1,0,0:0:0:0:
320,192,111483,1,0,0:0:0:0:
448,192,111483,1,0,0:0:0:0:
64,192,111562,1,0,0:0:0:0:
192,192,111562,1,0,0:0:0:0:
320,192,111641,1,0,0:0:0:0:
448,192,111641,1,0,0:0:0:0:
64,192,111720,1,0,0:0:0:0:
192,192,111720,1,0,0:0:0:0:
320,192,111799,128,0,112430:0:0:0:0:
448,192,111799,128,0,112430:0:0:0:0:
64,192,112430,1,0,0:0:0:0:
192,192,112430,1,0,0:0:0:0:
320,192,112509,1,0,0:0:0:0:
192,192,112588,1,0,0:0:0:0:
64,192,112667,1,0,0:0:0:0:
192,192,112746,1,0,0:0:0:0:
320,192,112746,1,0,0:0:0:0:
448,192,112746,1,0,0:0:0:0:
64,192,112904,1,0,0:0:0:0:
192,192,112904,1,0,0:0:0:0:
448,192,112904,1,0,0:0:0:0:
320,192,113062,1,0,0:0:0:0:
192,192,113220,1,0,0:0:0:0:
64,192,113220,1,0,0:0:0:0:
448,192,113220,1,0,0:0:0:0:
320,192,113220,1,0,0:0:0:0:
64,192,113536,1,0,0:0:0:0:
448,192,113536,1,0,0:0:0:0:
320,192,113536,1,0,0:0:0:0:
320,192,113694,1,0,0:0:0:0:
448,192,113694,1,0,0:0:0:0:
320,192,113772,1,0,0:0:0:0:
448,192,113772,1,0,0:0:0:0:
64,192,113851,1,0,0:0:0:0:
192,192,113851,1,0,0:0:0:0:
64,192,113930,1,0,0:0:0:0:
192,192,113930,1,0,0:0:0:0:
320,192,114009,1,0,0:0:0:0:
448,192,114009,1,0,0:0:0:0:
320,192,114088,1,0,0:0:0:0:
448,192,114088,1,0,0:0:0:0:
64,192,114167,1,0,0:0:0:0:
192,192,114167,1,0,0:0:0:0:
64,192,114483,1,0,0:0:0:0:
320,192,114483,1,0,0:0:0:0:
448,192,114483,1,0,0:0:0:0:
448,192,114957,1,0,0:0:0:0:
64,192,114957,1,0,0:0:0:0:
192,192,114957,1,0,0:0:0:0:
320,192,115115,1,0,0:0:0:0:
192,192,115194,1,0,0:0:0:0:
320,192,115272,1,0,0:0:0:0:
448,192,115272,1,0,0:0:0:0:
64,192,115430,1,0,0:0:0:0:
192,192,115430,1,0,0:0:0:0:
320,192,115430,1,0,0:0:0:0:
64,192,115746,1,0,0:0:0:0:
320,192,115746,1,0,0:0:0:0:
448,192,115746,1,0,0:0:0:0:
192,192,115904,1,0,0:0:0:0:
64,192,116062,1,0,0:0:0:0:
192,192,116141,1,0,0:0:0:0:
64,192,116220,1,0,0:0:0:0:
320,192,116220,1,0,0:0:0:0:
448,192,116220,1,0,0:0:0:0:
192,192,116299,1,0,0:0:0:0:
320,192,116378,1,0,0:0:0:0:
448,192,116457,1,0,0:0:0:0:
64,192,116536,1,0,0:0:0:0:
192,192,116536,1,0,0:0:0:0:
320,192,116536,1,0,0:0:0:0:
320,192,116694,1,0,0:0:0:0:
448,192,116694,1,0,0:0:0:0:
320,192,116851,1,0,0:0:0:0:
448,192,116851,1,0,0:0:0:0:
192,192,117009,1,0,0:0:0:0:
64,192,117167,1,0,0:0:0:0:
320,192,117167,1,0,0:0:0:0:
64,192,117483,1,0,0:0:0:0:
192,192,117483,1,0,0:0:0:0:
320,192,117562,1,0,0:0:0:0:
448,192,117641,1,0,0:0:0:0:
320,192,117720,1,0,0:0:0:0:
448,192,117799,1,0,0:0:0:0:
192,192,117799,1,0,0:0:0:0:
64,192,117799,1,0,0:0:0:0:
192,192,117957,1,0,0:0:0:0:
320,192,117957,1,0,0:0:0:0:
64,192,118115,1,0,0:0:0:0:
320,192,118272,1,0,0:0:0:0:
448,192,118272,1,0,0:0:0:0:
192,192,118430,1,0,0:0:0:0:
320,192,118588,1,0,0:0:0:0:
448,192,118588,1,0,0:0:0:0:
320,192,118667,1,0,0:0:0:0:
448,192,118667,1,0,0:0:0:0:
64,192,118746,1,0,0:0:0:0:
192,192,118746,1,0,0:0:0:0:
320,192,118825,1,0,0:0:0:0:
448,192,118825,1,0,0:0:0:0:
64,192,118904,1,0,0:0:0:0:
192,192,118904,1,0,0:0:0:0:
320,192,118983,1,0,0:0:0:0:
448,192,118983,1,0,0:0:0:0:
64,192,119062,1,0,0:0:0:0:
192,192,119062,1,0,0:0:0:0:
448,192,119062,1,0,0:0:0:0:
320,192,119220,1,0,0:0:0:0:
448,192,119220,1,0,0:0:0:0:
192,192,119220,1,0,0:0:0:0:
64,192,119220,1,0,0:0:0:0:
192,192,119378,1,0,0:0:0:0:
64,192,119536,1,0,0:0:0:0:
320,192,119536,1,0,0:0:0:0:
448,192,119536,1,0,0:0:0:0:
64,192,119694,1,0,0:0:0:0:
192,192,119694,1,0,0:0:0:0:
320,192,119694,1,0,0:0:0:0:
448,192,119694,1,0,0:0:0:0:
64,192,120009,1,0,0:0:0:0:
448,192,120009,1,0,0:0:0:0:
